f1
ScaledLR: 0.9765737082029847 (0.0005627698304698658)
ScaledLDA: 0.848306476600578 (0.01774287679065024)
ScaledKNN: 0.9107601648396889 (0.005927291332034551)
ScaledCART: 0.9839561650632456 (0.00016869652013909835)
ScaledNB: 0.9260147068510186 (0.022693676910887996)
ScaledSVM: 0.9883451339610756 (0.00036245544358982294)
AB: 0.845264408059748 (0.001125845736945002)
GB: 0.9872666647753909 (0.00027122211270553474)
RF: 0.9869907126812967 (0.0002794581929384775)
ET: 0.9836893536220093 (0.00012717940666575914)
XGB: 0.993596267534085 (0.00028569910976827264)
NN: 0.9645729804674886 (0.024788192021562686)

precision
ScaledLR: 0.9767506217833327 (0.0005326965580717796)
ScaledLDA: 0.8579316939592336 (0.016275939754797002)
ScaledKNN: 0.9141308184398994 (0.005365844369820527)
ScaledCART: 0.983938906209419 (0.000170569188218234)
ScaledNB: 0.933515218317172 (0.0190720897938439)
ScaledSVM: 0.9883859729247003 (0.00035877814754726344)
AB: 0.8052847538559341 (0.0013674213330125016)
GB: 0.9873059244341839 (0.00027125912426807113)
RF: 0.9868607000704476 (0.00024213990490174435)
ET: 0.9837778094257228 (0.00011675630654024298)
XGB: 0.9933229884838551 (0.0004870432719931637)
NN: 0.9734812173400694 (0.0040846300997001974)

recall
ScaledLR: 0.9766937500000001 (0.0005413200012469333)
ScaledLDA: 0.8507125 (0.0172)
ScaledKNN: 0.911478125 (0.005788142850366596)
ScaledCART: 0.9840343749999999 (0.00017466485765602304)
ScaledNB: 0.925615625 (0.022826726300408277)
ScaledSVM: 0.9883843750000001 (0.00035979594911558934)
AB: 0.8923281249999999 (0.0007777421246788738)
GB: 0.9873375 (0.0002698379143115559)
RF: 0.9869843749999999 (0.0002079945161536807)
ET: 0.9836874999999999 (0.00010411457030596947)
XGB: 0.9936281249999999 (0.00028339460121886133)
NN: 0.9776250020436311 (0.0023698732770126235)

accuracy
ScaledLR: 0.9766937500000001 (0.0005413200012469333)
ScaledLDA: 0.8507125 (0.0172)
ScaledKNN: 0.911478125 (0.005788142850366596)
ScaledCART: 0.9840343749999999 (0.00017466485765602304)
ScaledNB: 0.925615625 (0.022826726300408277)
ScaledSVM: 0.9883843750000001 (0.00035979594911558934)
AB: 0.8923281249999999 (0.0007777421246788738)
GB: 0.9873375 (0.0002698379143115559)
RF: 0.9869468750000001 (0.00032724584603933266)
ET: 0.9838249999999998 (0.00016250000000000216)
XGB: 0.9936281249999999 (0.00028339460121886133)
NN: 0.9638722759079525 (0.026464615960924646)
