f1
ScaledLR: 0.9757389013421175 (0.0007115694419928833)
ScaledLDA: 0.843472853963917 (0.010606031792836704)
ScaledKNN: 0.9075924359727757 (0.004607963549179899)
ScaledCART: 0.9836802754612807 (0.00036326167028999384)
ScaledNB: 0.9338502452436608 (0.01331059353667013)
ScaledSVM: 0.9878474144451014 (0.000618385592928748)
AB: 0.8452474415247883 (0.0007519967683866239)
GB: 0.9873136862767312 (0.0006540549317604871)
RF: 0.9867555049412247 (0.0005480170778124493)
ET: 0.9834174709651237 (0.0007099132852420645)
XGB: 0.9933120210700135 (0.0004894636426742211)
NN: 0.9717140184929256 (0.013780086022006383)

precision
ScaledLR: 0.9759286280715715 (0.0006968350831687286)
ScaledLDA: 0.8536543066678387 (0.009594837584053209)
ScaledKNN: 0.9111941338469857 (0.0040710367901254174)
ScaledCART: 0.9836626339299505 (0.0003639319809305145)
ScaledNB: 0.9497716967585088 (0.006163297030892658)
ScaledSVM: 0.9878900057338823 (0.0006166922550018989)
AB: 0.8052783614030089 (0.0008698526528308383)
GB: 0.9873493910841796 (0.000656991870235964)
RF: 0.986785545097286 (0.00043601915873811244)
ET: 0.9835167922218909 (0.0005166727369197314)
XGB: 0.9933229884838551 (0.0004870432719931637)
NN: 0.9727009915523291 (0.009447879980693259)

recall
ScaledLR: 0.9758857142857142 (0.0006951545122621321)
ScaledLDA: 0.8460214285714285 (0.010268589414882113)
ScaledKNN: 0.9083678571428571 (0.004499469923428419)
ScaledCART: 0.9837607142857143 (0.00035974055276839784)
ScaledNB: 0.9282607142857143 (0.01575437095163223)
ScaledSVM: 0.987892857142857 (0.0006096586532391775)
AB: 0.892307142857143 (0.0005770261551034571)
GB: 0.9873821428571429 (0.0006508040552788137)
RF: 0.9868892857142857 (0.00047854477537720007)
ET: 0.983375 (0.0006703448701213387)
XGB: 0.9933428571428571 (0.00048410974468395316)
NN: 0.9735536439923674 (0.004196673293583516)

accuracy
ScaledLR: 0.9758857142857142 (0.0006951545122621321)
ScaledLDA: 0.8460214285714285 (0.010268589414882113)
ScaledKNN: 0.9083678571428571 (0.004499469923428419)
ScaledCART: 0.9837607142857143 (0.00035974055276839784)
ScaledNB: 0.9282607142857143 (0.01575437095163223)
ScaledSVM: 0.987892857142857 (0.0006096586532391775)
AB: 0.892307142857143 (0.0005770261551034571)
GB: 0.9873821428571429 (0.0006508040552788137)
RF: 0.986917857142857 (0.0004867635724971442)
ET: 0.983382142857143 (0.0006216337920581475)
XGB: 0.9933428571428571 (0.00048410974468395316)
NN: 0.9787928695048604 (0.0020171507521728983)