f1
ScaledLR: 0.9752095034241781 (0.001236573763909228)
ScaledLDA: 0.8398026748210136 (0.0017702990570359859)
ScaledKNN: 0.9041565825329828 (0.001935142519349255)
ScaledCART: 0.9838774198858224 (0.0003789373410588141)
ScaledNB: 0.9120609258536568 (0.010936812609319006)
ScaledSVM: 0.9874001942283737 (0.000521460037930946)
AB: 0.8451340503296072 (0.0017055042811792227)
GB: 0.9868144208151639 (0.0006192098930732319)
RF: 0.9868281702647981 (0.0006226120215290272)
ET: 0.9830991790266832 (0.0006368011292812223)
XGB: 0.9932974961561069 (0.00030910674667793136)
NN: 0.9507008232230156 (0.05003956693433463)

precision
ScaledLR: 0.9753796085391357 (0.0012301266593347832)
ScaledLDA: 0.8501220357621477 (0.0015617365308104394)
ScaledKNN: 0.9081530940218426 (0.0017478915114766225)
ScaledCART: 0.9838602069248402 (0.00037697713379157343)
ScaledNB: 0.9354698479676303 (0.009155794129859795)
ScaledSVM: 0.9874490672204717 (0.0005172022096729072)
AB: 0.8051444604704668 (0.002035653607305964)
GB: 0.9868546744722739 (0.0006233796018545799)
RF: 0.9869283634148717 (0.0005750423177668966)
ET: 0.9832844233519985 (0.0005327629943862627)
XGB: 0.9933110056955933 (0.00030762388634150413)
NN: 0.9663068131722439 (0.012220005233825163)

recall
ScaledLR: 0.9753375 (0.001215310317024714)
ScaledLDA: 0.8424333333333334 (0.0017320207369813268)
ScaledKNN: 0.9050291666666667 (0.001897760010000092)
ScaledCART: 0.9839541666666667 (0.00037877727257880524)
ScaledNB: 0.9039916666666666 (0.013553780479179161)
ScaledSVM: 0.9874458333333334 (0.0005218490096655093)
AB: 0.8921958333333333 (0.001239721630940683)
GB: 0.9868916666666667 (0.0006144102863722447)
RF: 0.9869333333333333 (0.000619755776271765)
ET: 0.9832541666666668 (0.0005279349181270112)
XGB: 0.9933291666666667 (0.0003071486248996893)
NN: 0.9695084896445408 (0.009223114279342092)

accuracy
ScaledLR: 0.9753375 (0.001215310317024714)
ScaledLDA: 0.8424333333333334 (0.0017320207369813268)
ScaledKNN: 0.9050291666666667 (0.001897760010000092)
ScaledCART: 0.9839541666666667 (0.00037877727257880524)
ScaledNB: 0.9039916666666666 (0.013553780479179161)
ScaledSVM: 0.9874458333333334 (0.0005218490096655093)
AB: 0.8921958333333333 (0.001239721630940683)
GB: 0.9868916666666667 (0.0006144102863722447)
RF: 0.9868708333333334 (0.0005352828950917253)
ET: 0.9832916666666666 (0.000549778996001504)
XGB: 0.9933291666666667 (0.0003071486248996893)
NN: 0.9716584698564439 (0.005647058507212966)