f1
ScaledLR: 0.974065366242546 (0.0002666826416522576)
ScaledLDA: 0.8461500929701501 (0.009261466631439124)
ScaledKNN: 0.904387313094136 (0.003404911510327212)
ScaledCART: 0.9838175392347301 (0.0005751114109091882)
ScaledNB: 0.9301311640376058 (0.019808615947889036)
ScaledSVM: 0.9874512478085619 (0.00040094633752894317)
AB: 0.8454405560626969 (0.0024993072931559536)
GB: 0.9873826659323088 (0.00021274846441159172)
RF: 0.9868777623369812 (0.0005921937204238309)
ET: 0.9824948620466879 (0.000300713750260286)
XGB: 0.9929597504027076 (0.00030646348242180794)
NN: 0.9566741766161433 (0.016376468789731414)

precision
ScaledLR: 0.9742576727765556 (0.00026326190860716887)
ScaledLDA: 0.8560892095238793 (0.008445043040625305)
ScaledKNN: 0.9084752690290715 (0.002852676306118413)
ScaledCART: 0.9837997583922329 (0.0005742243965556814)
ScaledNB: 0.9492965526256404 (0.010774813523930777)
ScaledSVM: 0.9874972510990888 (0.0004001556711603914)
AB: 0.8054624307754535 (0.0029558161545091043)
GB: 0.9874216265020987 (0.0002060800266451943)
RF: 0.986766922027277 (0.00048705044925977776)
ET: 0.9826349955498367 (0.0002484868769086688)
XGB: 0.9929757518739833 (0.0003169383819636173)
NN: 0.9769975648210952 (0.0031007490128196536)

recall
ScaledLR: 0.974235 (0.00025524498036199667)
ScaledLDA: 0.8485900000000001 (0.00894312026084854)
ScaledKNN: 0.90526 (0.0032787802610117)
ScaledCART: 0.9839 (0.0005683308895353109)
ScaledNB: 0.923705 (0.022764255972906305)
ScaledSVM: 0.9875 (0.00039937451095431627)
AB: 0.89251 (0.0017809126873600729)
GB: 0.987455 (0.0002100000000000197)
RF: 0.9869899999999999 (0.0006454843142942935)
ET: 0.98267 (0.00020518284528684664)
XGB: 0.992995 (0.00030878795313288244)
NN: 0.971865076737475 (0.00735605902526368)

accuracy
ScaledLR: 0.974235 (0.00025524498036199667)
ScaledLDA: 0.8485900000000001 (0.00894312026084854)
ScaledKNN: 0.90526 (0.0032787802610117)
ScaledCART: 0.9839 (0.0005683308895353109)
ScaledNB: 0.923705 (0.022764255972906305)
ScaledSVM: 0.9875 (0.00039937451095431627)
AB: 0.89251 (0.0017809126873600729)
GB: 0.987455 (0.0002100000000000197)
RF: 0.986885 (0.000388136573901494)
ET: 0.9825849999999999 (0.00025865034312755406)
XGB: 0.992995 (0.00030878795313288244)
NN: 0.9669251776072469 (0.016447815371214106)