f1
ScaledLR: 0.9720360388741229 (0.0002920415918444744)
ScaledLDA: 0.8373737188605576 (0.0014004853732734023)
ScaledKNN: 0.8911256056098924 (0.0009423719733599428)
ScaledCART: 0.9833335119416808 (0.000818173837128166)
ScaledNB: 0.8622512333100409 (0.03983645981864856)
ScaledSVM: 0.9856253434152741 (0.0008298600052526502)
AB: 0.8450485267297092 (0.0028371715129940443)
GB: 0.9889537475786364 (0.0006830587677350435)
RF: 0.9862036051728065 (0.0007513710495971272)
ET: 0.9798342564299597 (0.0007978002580065499)
XGB: 0.992167753272972 (0.0007763767364865013)
NN: 0.9476450507985682 (0.024886064860865743)

precision
ScaledLR: 0.9722441103409734 (0.00025709868117777584)
ScaledLDA: 0.8486040513350634 (0.0013247683823423599)
ScaledKNN: 0.8964550837017171 (0.0009595293833388703)
ScaledCART: 0.9833210254752824 (0.0008177056978963259)
ScaledNB: 0.9119397549167314 (0.03376742909861772)
ScaledSVM: 0.9857180652250828 (0.0008294232690388493)
AB: 0.8050254721123198 (0.00334669371827821)
GB: 0.9889997401069415 (0.0006889133759765979)
RF: 0.986153696517475 (0.0007726132929403906)
ET: 0.9799257473217132 (0.000499389692969405)
XGB: 0.9921871054215566 (0.0007851426643824694)
NN: 0.9683008410297953 (0.004908511137900263)

recall
ScaledLR: 0.9721499999999998 (0.00030259296092274976)
ScaledLDA: 0.8402249999999999 (0.0012975939272360855)
ScaledKNN: 0.8923500000000001 (0.00093089338809556)
ScaledCART: 0.9834125 (0.0008221541826202587)
ScaledNB: 0.851075 (0.0298599962324177)
ScaledSVM: 0.985675 (0.0008267027881893221)
AB: 0.8921125 (0.002063976744055023)
GB: 0.989025 (0.0006841966091701876)
RF: 0.9863250000000001 (0.0007441438033068534)
ET: 0.9798625 (0.0006217415057722962)
XGB: 0.9922124999999999 (0.000775201586685664)
NN: 0.9549992522477998 (0.02380006153728178)

accuracy
ScaledLR: 0.9721499999999998 (0.00030259296092274976)
ScaledLDA: 0.8402249999999999 (0.0012975939272360855)
ScaledKNN: 0.8923500000000001 (0.00093089338809556)
ScaledCART: 0.9834125 (0.0008221541826202587)
ScaledNB: 0.851075 (0.0298599962324177)
ScaledSVM: 0.985675 (0.0008267027881893221)
AB: 0.8921125 (0.002063976744055023)
GB: 0.989025 (0.0006841966091701876)
RF: 0.9862875000000001 (0.0005326818938165616)
ET: 0.9799374999999999 (0.0006555055301063413)
XGB: 0.9922124999999999 (0.000775201586685664)
NN: 0.9544250952674809 (0.03331199412847573)