f1
ScaledLR: 0.9603857055795503 (0.004631903176529327)
ScaledLDA: 0.8895919959210458 (0.009438853642175584)
ScaledKNN: 0.8560903928269423 (0.013356517037250663)
ScaledCART: 0.9819239487345893 (0.0038360504334749084)
ScaledNB: 0.9765718039305522 (0.0021047473301755177)
ScaledSVM: 0.980935146657276 (0.004704186772973246)
AB: 0.8429847048241909 (0.011984483941117653)
GB: 0.9841035290171108 (0.005478908556697807)
RF: 0.9836139763654858 (0.002916913308870235)
ET: 0.96767795625556 (0.004501031686893391)
XGB: 0.9873731811620396 (0.0038874818929788865)
NN: 0.9205948751606614 (0.008160754210993867)

precision
ScaledLR: 0.9608525796438439 (0.004387733526489066)
ScaledLDA: 0.895560197751198 (0.008186718958391882)
ScaledKNN: 0.8650999179096448 (0.010383010780165854)
ScaledCART: 0.9820794689619833 (0.003789977658614686)
ScaledNB: 0.9767258178659934 (0.0020594152441357565)
ScaledSVM: 0.9812409596466771 (0.00464180519026938)
AB: 0.8028752352179828 (0.014376902514678495)
GB: 0.9842560596117197 (0.00542926887497253)
RF: 0.983517414866643 (0.0027821303984597004)
ET: 0.968104939623107 (0.005401173893598466)
XGB: 0.9875234155072825 (0.003762693431944448)
NN: 0.9105970985953181 (0.009383943954647833)

recall
ScaledLR: 0.9605 (0.004513867521316962)
ScaledLDA: 0.8907499999999999 (0.009374166629626337)
ScaledKNN: 0.8585 (0.012757350822173054)
ScaledCART: 0.982 (0.0038405728739343073)
ScaledNB: 0.9765 (0.002150581316760657)
ScaledSVM: 0.9810000000000001 (0.004636809247747832)
AB: 0.8899999999999999 (0.008696263565463021)
GB: 0.98425 (0.005396758286230729)
RF: 0.9835 (0.0028939592256975698)
ET: 0.9682499999999999 (0.005338539126015643)
XGB: 0.9875000000000002 (0.003791437722025775)
NN: 0.9102361406033447 (0.019343084544483247)

accuracy
ScaledLR: 0.9605 (0.004513867521316962)
ScaledLDA: 0.8907499999999999 (0.009374166629626337)
ScaledKNN: 0.8585 (0.012757350822173054)
ScaledCART: 0.982 (0.0038405728739343073)
ScaledNB: 0.9765 (0.002150581316760657)
ScaledSVM: 0.9810000000000001 (0.004636809247747832)
AB: 0.8899999999999999 (0.008696263565463021)
GB: 0.98425 (0.005396758286230729)
RF: 0.98375 (0.0023717082451263157)
ET: 0.9690000000000001 (0.004568916720624237)
XGB: 0.9875000000000002 (0.003791437722025775)
NN: 0.894753610943142 (0.02930137858438274)